697523568 606382276 38912139
3022503077 2608306075 46906919
3230895262 2302415707 63420952
736435707 183964832 131646187
3507404317 3731540503 41469688
1013393252 490470958 115911318
270068585 0 183964832
3316292469 3480652736 191111848
3800980345 2893452190 286098783
2373021543 3773010191 190266
3548874005 3993865558 91972017
0 645294415 270068585
2373211809 4094117141 87252238
2856512732 2695675634 165990345
2460464047 4085837575 8279566
619680743 351018435 72089891
3069409996 2365836659 129699055
3640846022 3813115875 53385677
2729080766 2240595460 61820247
1554011298 1459823647 179489523
1884012518 2495535714 112770361
2468743613 3363193697 35293527
3199109051 2861665979 31786211
454033417 1031019876 98284694
1733500821 1302115255 150511697
1431930368 3773200457 39915418
691770634 930855093 5752934
3694231699 3671764584 59775919
1302115255 2655212994 40462640
868081894 936608027 94411849
4087079128 4181369379 113597917
1471845786 3398487224 82165512
997901159 915363000 15492093
2504037140 2015551834 225043626
3761204313 3866501552 39776032
552318111 423108326 67362632
2790901013 3906277584 65611719
3294316214 3971889303 21976255
962493743 315611019 35407416
4200677045 3268903446 94290251
3754007618 1452626952 7196695
1996782879 1639313170 376238664
1342577895 3179550973 89352473