3539333023 2561430684 132087009
3698501184 4084205096 109385247
3378310404 4253495312 1341714
3379652118 4281918178 4529732
3384181850 2314593178 64260938
2785407303 2874819838 586422865
25112293 160761603 162822339
770938901 1968882287 168925624
2705922239 2697964303 79485064
512617614 0 160761603
3671420032 4254837026 27081152
673379217 387568324 33575302
706954519 323583942 63984382
1047197914 1580976419 38110593
0 1619087012 25112293
2297003964 4193590343 8717958
187934632 1644199305 324682982
4277378082 2297003964 17589214
4227273431 2511326033 50104651
939864525 1133158202 107333389
2692956243 4286447910 8519386
3448442788 2777449367 90890235
1085308507 1240491591 340484828
1425793335 421143626 712014576
3371830168 2868339602 6480236
2701475629 2693517693 4446610
2305721922 4202308301 51187011
3807886431 2378854116 132471917
3940358348 3797290013 286915083
2356908933 3461242703 336047310