1716002126 3982609232 32819234
527777042 1448723593 108905538
3097613512 2185535945 24556299
3351444381 4015428466 144436121
3331711186 3196645623 19733195
169931418 1078390710 353970858
1621489177 1746859318 67938624
1904740745 2514777285 180582308
2435282992 2210092244 85514440
1398165946 286288423 41146536
523902276 1432361568 3874766
1903021413 3980889900 1719332
1689427801 2875575735 26574325
2085323053 2092073852 27802380
1244196171 922461291 37612770
3834107486 3846963083 28702903
636682580 327434959 595026332
3207795548 2695359593 118500381
3035897751 2813859974 61715761
3326295929 3875665986 5415257
3122169811 4209341559 85625737
3954618410 1867878056 11806468
3027897115 3881081243 8000636
74621536 159718198 10213220
4091795019 1879684524 56951870
4148746889 1995330417 96743435
84834756 0 85096662
3800092500 2331115565 34014986
1281808941 169931418 116357005
4245490324 4159864587 49476972
2609257929 3467510702 57294822
2113125433 3524805524 322157559
2520797432 1936636394 58694023
3495880502 1814797942 53080114
1748821360 2119876232 65659713
0 85096662 74621536
3548960616 3216378818 251131884
2931281840 2418162010 96615275
1439312482 960074061 118316649
2674851505 2910448814 256430335
2666552751 2902150060 8298754
3966424878 1621489177 125370141
1231708912 1436236334 12487259
3862810389 3889081879 91808021
2579491455 3166879149 29766474
1867512532 2295606684 35508881
1814481073 2365130551 53031459