900001914 416463108 281254528
0 126604924 281385177
281385177 1157253669 618616737
1885448579 1775870406 139515090
3016033145 2662884952 103067725
1189729449 1110523399 46730270
2123796167 0 126604924
2809716281 3293179505 206316864
3394722305 3499496369 373018163
2250401091 1915385496 17843034
2387263517 3872514532 299008639
1181256442 407990101 8473007
2686272156 4171523171 123444125
3767740468 2765952677 527226828
1236459719 1933228530 335015595
1571475314 697717636 313973265
2024963669 1011690901 98832498
3119100870 2387263517 275621435