4269649447 2393649810 25317849
2624622018 1500892381 293269560
3784916401 3939293015 342497756
2265977332 3395782296 159502803
1831892433 2656443697 262271473
3165592569 2418967659 50349192
2917891578 2918715170 32249137
3152416044 4281790771 13176525
2425480135 3196640413 199141883
0 541439970 311711929
1823766565 1492766513 8125868
990491492 84547230 456892740
311711929 0 84547230
2950140715 2469316851 187126846
4127414157 2950964307 142235290
396259159 853151899 594232333
3215941761 3555285099 21604105
2094163906 2206687901 171813426
3703390493 2125161993 81525908
3340986682 3576889204 362403811
3137267561 2378501327 15148483
3237545866 3093199597 103440816
1492766513 1794161941 331000052