3659569782 1525449239 315716712
3476299666 1083068766 183270116
3231355346 2188139141 105510824
4174005670 3640676221 26006855
2033660875 1999740193 45748640
4057070245 1972906150 26834043
972390863 634517173 12741770
2909470443 3992972439 35114066
3371367762 3517719799 18082344
1577969948 2765252679 71346084
1355403194 769026051 222566754
1025652593 3705699048 26412059
3389450106 2756144754 7720673
519325900 2956875516 263858379
3176461571 2056589398 54893775
1649316032 3732111107 254481047
4005461865 3535802143 40507815
868266049 3220733895 65108842
2323504821 1300840474 47494425
4045969680 2045488833 11100565
4083904288 2939503515 17372001
933374891 3666683076 39015972
2944584509 3285842737 231877062
2603233578 442821495 41827275
3403912268 4028086505 49362804
860498512 2763865427 1387252
4200012525 347866724 94954771
387585701 1841165951 131740199
2435365509 2293649965 167868069
2170885476 733737763 35288288
2645060853 484648770 149868403
1903797079 1509336552 16112687
3453275072 2733120160 23024594
2370999246 3576309958 64366263
3975286494 2909328144 30175371
2206173764 2615789103 117331057
226584048 1348334899 161001653
3397170779 226584048 6741489
2079409515 991592805 91475961
3336866170 1266338882 34501592
4101276289 2836598763 72729381
1919909766 2502037994 113751109
1268924374 647258943 86478820
861885764 3986592154 6380285
783842544 2111483173 76655968
1052064652 4077449309 216859722
783184279 4294309031 658265
985132633 2461518034 40519960
2794929256 233325537 114541187